>RCGMCKGCGNAB	18-RCGMCKGCGNAB	9.296234	-488.282652	0	T:398.0(0.29%),B:44.1(0.04%),P:1e-212
0.473	0.041	0.456	0.030
0.354	0.567	0.048	0.031
0.045	0.042	0.762	0.151
0.451	0.461	0.039	0.049
0.061	0.837	0.055	0.047
0.023	0.234	0.319	0.424
0.211	0.045	0.585	0.159
0.049	0.882	0.036	0.033
0.029	0.169	0.678	0.124
0.180	0.318	0.229	0.273
0.562	0.046	0.034	0.358
0.031	0.276	0.413	0.281
