>NNKACGTMACKN	21-NMGTKACGTMNN	6.683571	-229.131476	0	T:797.0(0.59%),B:303.0(0.25%),P:1e-99
0.219	0.265	0.297	0.219
0.159	0.302	0.246	0.293
0.189	0.087	0.404	0.320
0.600	0.069	0.060	0.271
0.013	0.843	0.085	0.059
0.103	0.050	0.825	0.022
0.282	0.179	0.087	0.452
0.289	0.378	0.115	0.217
0.482	0.087	0.262	0.168
0.096	0.704	0.085	0.115
0.134	0.097	0.442	0.327
0.303	0.192	0.249	0.255
