>GCGGGTTCGAAY	20-RTTCGAACCCGC	9.898170	-240.774465	0	T:88.0(0.06%),B:2.8(0.00%),P:1e-104
0.037	0.341	0.575	0.047
0.122	0.622	0.059	0.197
0.218	0.147	0.565	0.070
0.127	0.169	0.621	0.083
0.142	0.085	0.660	0.113
0.138	0.108	0.106	0.648
0.094	0.172	0.016	0.718
0.020	0.933	0.035	0.012
0.028	0.060	0.845	0.067
0.609	0.268	0.058	0.065
0.544	0.159	0.150	0.147
0.134	0.314	0.116	0.436
