>GGGAATTGTAGT	11-ACTACAATTCCC	11.068953	-895.803110	0	T:1242.0(0.92%),B:251.0(0.21%),P:1e-389
0.028	0.008	0.944	0.020
0.030	0.003	0.935	0.032
0.022	0.029	0.902	0.047
0.779	0.067	0.106	0.048
0.470	0.157	0.305	0.068
0.253	0.055	0.078	0.614
0.021	0.116	0.030	0.833
0.002	0.032	0.931	0.035
0.001	0.078	0.036	0.885
0.924	0.014	0.058	0.004
0.039	0.029	0.922	0.010
0.001	0.051	0.087	0.861
