>ACTACAATTCCC	11-ACTACAATTCCC,BestGuess:GFY(?)/Promoter/Homer(0.984)	11.068953	-895.803110	0	T:1242.0(0.92%),B:251.0(0.21%),P:1e-389
0.861	0.087	0.051	0.001
0.010	0.922	0.029	0.039
0.004	0.058	0.014	0.924
0.885	0.036	0.078	0.001
0.035	0.931	0.032	0.002
0.833	0.030	0.116	0.021
0.614	0.078	0.055	0.253
0.068	0.305	0.157	0.470
0.048	0.106	0.067	0.779
0.047	0.902	0.029	0.022
0.032	0.935	0.003	0.030
0.020	0.944	0.008	0.028
