>NMGTKACGTMNN	21-NMGTKACGTMNN,BestGuess:NAC025/MA0935.1/Jaspar(0.778)	6.683571	-229.131476	0	T:797.0(0.59%),B:303.0(0.25%),P:1e-99
0.255	0.249	0.192	0.303
0.327	0.442	0.097	0.134
0.115	0.085	0.704	0.096
0.168	0.262	0.087	0.482
0.217	0.115	0.378	0.289
0.452	0.087	0.179	0.282
0.022	0.825	0.050	0.103
0.059	0.085	0.843	0.013
0.271	0.060	0.069	0.600
0.320	0.404	0.087	0.189
0.293	0.246	0.302	0.159
0.219	0.297	0.265	0.219
