>TGRACTTTGRAC	3-GTYCAAAGTYCA	7.508049	-6156.963906	0	T:23961.0(17.67%),B:10031.5(8.25%),P:1e-2673
0.126	0.047	0.093	0.734
0.129	0.001	0.849	0.021
0.386	0.127	0.405	0.081
0.593	0.314	0.017	0.076
0.017	0.967	0.015	0.001
0.027	0.139	0.001	0.833
0.035	0.125	0.014	0.826
0.024	0.019	0.023	0.934
0.107	0.023	0.828	0.042
0.387	0.144	0.328	0.141
0.414	0.249	0.118	0.219
0.108	0.766	0.048	0.078
