>GTYCAAAGTYCA	3-GTYCAAAGTYCA,BestGuess:HNF4G/MA0484.1/Jaspar(0.966)	7.508049	-6156.963906	0	T:23961.0(17.67%),B:10031.5(8.25%),P:1e-2673
0.078	0.048	0.766	0.108
0.219	0.118	0.249	0.414
0.141	0.328	0.144	0.387
0.042	0.828	0.023	0.107
0.934	0.023	0.019	0.024
0.826	0.014	0.125	0.035
0.833	0.001	0.139	0.027
0.001	0.015	0.967	0.017
0.076	0.017	0.314	0.593
0.081	0.405	0.127	0.386
0.021	0.849	0.001	0.129
0.734	0.093	0.047	0.126
