>ACTACGCGTCCC	24-ACTACGCGTCCC	10.913583	-113.665496	0	T:164.0(0.12%),B:35.2(0.03%),P:1e-49
0.895	0.023	0.047	0.035
0.026	0.937	0.023	0.014
0.029	0.174	0.033	0.764
0.739	0.061	0.116	0.084
0.041	0.860	0.069	0.030
0.111	0.096	0.772	0.021
0.106	0.690	0.093	0.111
0.088	0.020	0.815	0.077
0.032	0.073	0.081	0.814
0.015	0.910	0.029	0.046
0.017	0.890	0.020	0.073
0.014	0.915	0.034	0.037
