>RGKTCAAGGTCA	8-RGKTCAAGGTCA	8.285883	-1245.593633	0	T:12769.0(9.42%),B:7244.6(5.96%),P:1e-540
0.416	0.120	0.296	0.168
0.179	0.009	0.562	0.250
0.063	0.228	0.389	0.320
0.007	0.329	0.022	0.642
0.002	0.855	0.132	0.011
0.980	0.006	0.002	0.012
0.915	0.001	0.083	0.001
0.104	0.001	0.894	0.001
0.001	0.001	0.962	0.036
0.173	0.169	0.029	0.629
0.021	0.835	0.057	0.087
0.658	0.078	0.054	0.210
