>MAVAGWTCAAAG	5-MAVAGWTCAAAG	6.379828	-2532.244490	0	T:50155.0(36.99%),B:34119.8(28.07%),P:1e-1099
0.234	0.373	0.200	0.193
0.448	0.159	0.148	0.244
0.328	0.222	0.317	0.133
0.552	0.006	0.217	0.225
0.056	0.256	0.661	0.027
0.405	0.049	0.179	0.367
0.267	0.122	0.181	0.431
0.035	0.884	0.046	0.035
0.964	0.023	0.002	0.011
0.900	0.047	0.044	0.009
0.942	0.001	0.030	0.027
0.038	0.313	0.613	0.036
